epoch	loss	acc	val_loss	val_acc
0	3.6920764981461196	0.030833917309039945	3.692791215066705	0.02147525673980862
1	3.687498744529309	0.028264424201693665	3.682888943051535	0.037348272612824494
2	3.5914436992265664	0.06260219575735877	3.402095559598351	0.11017740417678817
3	3.27002158395544	0.12099976632617897	3.040659991299071	0.18113912230863624
4	2.9934246676515626	0.18570427473001852	2.799427417146058	0.24836601305798212
5	2.7653150692690036	0.24924083131686797	2.681452799244087	0.2595704948506992
6	2.5778249044670063	0.2887175892856293	2.4485744036434967	0.3323996263781404
7	2.3552797498393354	0.3573931325779594	2.3160716705963393	0.3632119513081124
8	2.2027506637283643	0.39149731357251893	2.1452217832221594	0.4351073755881811
9	2.0355371805140696	0.4344779258644823	2.109152571271225	0.43604108251554735
10	1.909413191626713	0.46414389197610856	1.9937908667253623	0.4705882356836905
11	1.7978452356639685	0.4980144826532162	1.8560995595907075	0.5191409896735718
12	1.6747580054652271	0.533053024938468	1.8235594422654722	0.5340802989531409
13	1.594302884498174	0.5561784632265554	1.7599638100543054	0.5294117647615356
14	1.5020417453974826	0.5786031304717871	1.7006441440457611	0.5686274507021258
15	1.4073990139274	0.6033637002371539	1.6134092861196907	0.6022408960802771
16	1.3252865139554244	0.6318617145109054	1.5869420745682203	0.5901027073601938
17	1.267373367103286	0.6395701939356269	1.557032535835252	0.5975723619999783
18	1.226781652508927	0.649380986015531	1.5204775429128154	0.6059757234558226
19	1.1285257491517418	0.6746087361512633	1.4804764577543257	0.6115779643521811
20	1.0769842795416786	0.697500583850399	1.466123934998677	0.6143790845777474
21	1.050126483411996	0.7026395696648035	1.4989385752896078	0.6171802049146201
22	1.0011258240170469	0.7199252515829381	1.4306218717612473	0.6209150321788592
23	0.9718032655134515	0.7203924317444577	1.4242229469461378	0.6293183938573166
24	0.9182762510167803	0.7316047651025352	1.4198587004210101	0.6181139118419865
25	0.8864958756049641	0.7435178702135449	1.3858853642012225	0.6423902890595401
26	0.8658672645252962	0.7528614806421614	1.3603482116170291	0.6377217550905478
27	0.8192920701522132	0.7652417661235367	1.356039013404027	0.6479925322376825
28	0.7937279310607376	0.77038075234171	1.3551377344086948	0.6442577024690466
29	0.7363485138262023	0.7914038772784614	1.3591628681266563	0.6507936529084748
30	0.7414370042869516	0.7839289886376145	1.313561827640017	0.6591970118599223
31	0.7091437783984207	0.7979444058886535	1.3008290313316437	0.6517273574427508
32	0.6797227236300645	0.8051857041493946	1.3190800042824695	0.6591970115260027
33	0.6616179643878032	0.803550572184808	1.3064434470471435	0.661064427662519
34	0.6320334222098986	0.8142957259661348	1.3093359733050833	0.6582633045986365
35	0.6290902928948486	0.8147629055428856	1.2984033993312292	0.6591970116373093
36	0.5950240523033793	0.8297126847320393	1.2928380369583543	0.6563958936935268
37	0.5900446050107493	0.8278439617747321	1.300951708153405	0.6591970114146962
38	0.5959995453866167	0.8238729266773955	1.2952858852961706	0.6619981318628755
39	0.5272087931451995	0.8493342675830794	1.2902878152222192	0.660130718453369
40	0.5298579406359574	0.8460640030134451	1.2646385769661512	0.6676003751523243
41	0.4980583507041178	0.8521373516709636	1.285622534409068	0.6732026160486828
42	0.4803515251371744	0.8568091573238484	1.2513292831978322	0.673202613766899
43	0.45896409251817444	0.8619481423446381	1.2783781059649812	0.6862745089691227
44	0.4527123042340313	0.8661527688245411	1.2739815758723838	0.6676003728705405
45	0.45356461290888794	0.8645176356486477	1.276979817061865	0.6788048544406445
46	0.43122257568991595	0.8733940671966667	1.2626409007498975	0.6853408047687662
47	0.4141278007450407	0.8801681853794266	1.2581345889192113	0.6722689070621458
48	0.3954802048913621	0.8871758933714465	1.2758922821778655	0.6816059752227435
49	0.40776109281919515	0.8836720389368601	1.2721995776440918	0.676937440808525
50	0.364984079405293	0.8951179628838893	1.2809097808059635	0.6778711478471978
51	0.37251312414276017	0.893950012264283	1.2743892344662677	0.6760037367194752
52	0.38351167221543836	0.8888110255448792	1.2693616435641335	0.6834733911366467
53	0.366550717773462	0.8944171928295713	1.2646619717057457	0.6872082184008858
54	0.3520544982560743	0.897921047069235	1.27773286526054	0.6825396844318935
55	0.3464088208261591	0.9004905398720142	1.2754159064965198	0.6816059773932207
56	0.3259863476905275	0.9044615747883509	1.2627842229287498	0.6834733911366467
57	0.3278313117783584	0.9018920818741871	1.2575052785161052	0.6965452864501768
58	0.343653248121348	0.8932492414163502	1.2714075103861278	0.6788048569450414
59	0.3348778508250275	0.9063302970495049	1.259584266375872	0.690009338849065
60	0.32115657113473345	0.905162345928668	1.2835788902670953	0.684407098064013
61	0.30292303733835707	0.9145059567471303	1.2637387163498823	0.6862745116961325
62	0.28396504879680035	0.9222144361718518	1.2810206938635846	0.6834733912479533
63	0.2719537754693451	0.92431674871565	1.2795831707456644	0.6928104567928475
64	0.30787297044296574	0.9070310678974375	1.3167678148917903	0.6797385638724077
65	0.28012926954166045	0.9177762209965341	1.2571083250499906	0.6956115797454235
66	0.28028849341607043	0.9161410884193326	1.2451555814618378	0.701213820419169
67	0.2647449261248042	0.9254847001288712	1.2640594166088728	0.6946778730406703
68	0.26451721190849325	0.9226816163333714	1.2683590177505735	0.6956115797454235
69	0.25523526491447185	0.9238495682478229	1.2581550304740527	0.6853408047687662
70	0.2506471873304327	0.9280541932379578	1.2652029191969045	0.7012138207530886
71	0.24779117150552862	0.9273534221811791	1.3030420697592442	0.6937441662246105
72	0.24967607051739762	0.9294557349338233	1.3082353261783788	0.6881419227125487
73	0.24632130484245726	0.9275870126726694	1.3210033324141017	0.6862745114735195
74	0.2342265985142096	0.9317916377602657	1.2652705869977436	0.6946778729293638
75	0.22923143086548137	0.9355290825749579	1.2870131972568486	0.6909430458877378
76	0.2380068815776439	0.9278206025515447	1.2960446517563222	0.6853408046574597
77	0.2652698203075492	0.9210464850510149	1.2721607738516243	0.6918767524811845
78	0.23593967913523145	0.928754964378275	1.3184096570553676	0.6844070979527065
79	0.23615532132599626	0.9329595890760255	1.289803557035302	0.7002801138257223
80	0.20127923069950354	0.9425367906644394	1.2794085864593334	0.6974789908731462
81	0.21070996133614522	0.9385657556506413	1.2958774462022256	0.7058823523289905
82	0.19652097059783186	0.9444055131205162	1.3120493678485645	0.6890756295286085
83	0.19723888028032785	0.9444055130230548	1.2993854624884469	0.698412697689206
84	0.18121073015436226	0.9476757769800742	1.3254469678738092	0.7002801137144158
85	0.19039549288196114	0.9469750061321415	1.2914366020875818	0.6937441660019975
86	0.1963673417944408	0.9441719225454877	1.3098367538327484	0.7021475274578418
87	0.19683280399931113	0.9409016583796223	1.321818158962702	0.6900093387377585
88	0.1895221598277552	0.9444055130230548	1.3062219392685663	0.703081234162595
89	0.18897295762545258	0.9448726933934204	1.3002072193152876	0.6965452864501768
90	0.1904244243165818	0.9458070549138432	1.2843044549922427	0.6965452864501768
91	0.17526166964234438	0.9483765477305455	1.2909520807720365	0.6937441660019975
92	0.20060501232155015	0.9380985752941988	1.3006842499242333	0.7049486477947146
93	0.16661658809998692	0.9565522077205554	1.287222669905975	0.698412697689206
94	0.17967827265520459	0.9507124505569878	1.2872368176332931	0.7058823546107743
95	0.17502601186448352	0.9462742351867472	1.3003260888973205	0.6928104591859378
96	0.19374897938219082	0.9444055130230548	1.3084814314748727	0.693744165890691
97	0.1739330432753896	0.9483765479254683	1.3100547943017284	0.6909430458877378
98	0.172224785124022	0.94744218669743	1.313771842129313	0.6965452865614833
99	0.17947765612916894	0.945106283773526	1.2897358788829558	0.6928104592972443
100	0.16903680973703464	0.9523475827304205	1.3058991391006527	0.707749768465507
101	0.17823935152701312	0.949310908763661	1.2947808495200093	0.6956115797454235
102	0.15769535202869772	0.9530483534808918	1.298572924847251	0.7040149409786548
103	0.15802331386089213	0.9528147630033246	1.3198533259631315	0.7077497682428939
104	0.15910351128987246	0.9549170754496613	1.3129849950361208	0.7068160614268342
105	0.16169304736402373	0.955150665620921	1.3140102454594202	0.7021475274578418
106	0.15240714115131349	0.9588881102546134	1.3290305088659407	0.6965452865614833
107	0.15160882129614334	0.9584209297867864	1.3258258127698712	0.6984127001936028
108	0.1595158333450911	0.9530483534808918	1.3201747245592674	0.699346406898356
109	0.15683936932827094	0.9514132215998435	1.3186205635551644	0.7049486479060212
110	0.13808567061780128	0.9600560618627575	1.3352749263093808	0.6993464045052658
111	0.1486521000980189	0.9560850271552669	1.321866933037253	0.7040149410899613
112	0.1443944343428165	0.9567857978082767	1.324292377040945	0.6946778729293638
113	0.14559945368761215	0.9586545200694306	1.328723830891813	0.691876752369878
114	0.13495098930517943	0.9609904231882574	1.3315181027607423	0.7105508886910732
115	0.1500726543389534	0.9542163047966515	1.3287499040003472	0.6993464070096626
116	0.13540961932938278	0.9586545202643535	1.302744301761232	0.7077497682428939
117	0.14427070807307937	0.9542163051864974	1.3206050119925392	0.6984127001936028
118	0.1519118444861388	0.9530483531885073	1.3352796104219224	0.7012138205304755
119	0.13651667653651084	0.9626255548743827	1.2929056482154782	0.704948647683408
120	0.13498626522331755	0.9556178466874399	1.3165331899730208	0.7077497683542004
121	0.13457977634616836	0.959588881492392	1.3414927508428094	0.7021475275691483
122	0.12892991156813086	0.9637935063850654	1.3345979766017582	0.7012138181373853
123	0.1237111940259439	0.9621583743090942	1.3620984290494305	0.6965452865614833
124	0.12719285924964852	0.9591217007321806	1.345683235636835	0.7049486477947146
125	0.13116180250380702	0.9595888812974691	1.3561023005139148	0.7068160616494472
126	0.12327948899726894	0.9656622286462193	1.3496139830901843	0.6993464070096626
127	0.13771708321833104	0.9588881105469977	1.341588557823922	0.7012138207530886
128	0.14517244875876598	0.9563186173404497	1.3550898437740422	0.6965452865614833
129	0.1389617619740576	0.956785798295584	1.3582922220230103	0.7040149410899613
130	0.12930845087918408	0.9630927354396712	1.3439805681298094	0.7049486479060212
131	0.12014946668706634	0.9675309508099118	1.3783499171642586	0.7021475275691483
132	0.12217458172383026	0.9654286378623448	1.341801227085174	0.7021475274578418
133	0.11996285292596022	0.963793505883835	1.3388467188976727	0.7049486479060212
134	0.11478786771959079	0.9665965896793348	1.3620857807323268	0.6956115797454235
135	0.11165755877871292	0.9677645414824019	1.40616194028703	0.6918767524811845
136	0.12262672236717018	0.9637935061901425	1.3365535782832725	0.7021475274578418
137	0.10419082390464263	0.9682317216578445	1.3318907581234958	0.7124183023231927
138	0.1313045216313981	0.960990422895873	1.3686479061814139	0.7040149408673483
139	0.11777688741433345	0.9640270965702482	1.3612145979086112	0.7002801138257223
140	0.12063392480938437	0.9626255548743827	1.3616203657385348	0.7030812342739016
141	0.11685229219536279	0.9696332635486329	1.3776499314579755	0.7030812340512885
142	0.1255045714737015	0.9623919646892	1.312383039881424	0.718954250035611
143	0.10080360247727672	0.9696332632562485	1.3214551935008927	0.7012138206417821
144	0.11605662863490125	0.9668301795582102	1.3555459913864634	0.7058823521063775
145	0.11154477488309583	0.96916608269096	1.3695899202487494	0.7180205406038478
146	0.11299914222570034	0.9679981315701233	1.3664298332483271	0.7114845953958264
147	0.11122943474516304	0.9672973605272676	1.3715920710986624	0.6956115798567301
148	0.11364591008200597	0.967297360624729	1.3628474965928092	0.6984127001936028
149	0.10170656325862497	0.9717355758975081	1.371923555290443	0.7058823546107743
150	0.11319496669701899	0.9665965899717193	1.361098664481433	0.7105508886910732
151	0.10127679703949044	0.9710348053419599	1.3496552740269794	0.7040149408673483
152	0.11386357601823385	0.9654286381686522	1.3933470155678542	0.6993464070096626
153	0.11023795831651784	0.9679981318625076	1.3838653818232005	0.7161531293648187
154	0.1135143738877854	0.9668301798645177	1.3607258360370311	0.7180205429969382
155	0.11044104937076764	0.9658958187339407	1.3704318125374846	0.7114845955071329
156	0.10376089361261971	0.9684653122328731	1.3418142074296455	0.7236227838932967
157	0.11076572685702832	0.9686989017219026	1.3889686860958068	0.7152194226600654
158	0.10480212359833846	0.9679981313752003	1.3197102139310009	0.7189542499243045
159	0.09697924481599973	0.9696332635486329	1.335969288698654	0.711484595729746
160	0.0998913154503754	0.9696332634511715	1.365157403197943	0.7114845955071329
161	0.10511301516706881	0.9675309508099118	1.3822722757786485	0.7049486477947146
162	0.09759533039127324	0.9705676243868255	1.373525728698538	0.7161531294761252
163	0.10035392175076359	0.9682317216578445	1.3602958467939432	0.7161531295874317
164	0.09541889836481313	0.9710348050495754	1.3706164831986059	0.7198879567403642
165	0.0982762615839696	0.9701004442113829	1.361079324749894	0.7161531295874317
166	0.10477861920769764	0.9677645411900175	1.451497729752912	0.6928104590746312
167	0.10011007385648207	0.9719691661801524	1.3886292867856422	0.7142857159553122
168	0.09567167319112001	0.9712683954296811	1.3866199644562465	0.7245564907093565
169	0.09552798404875439	0.9708012148643926	1.3707649905919805	0.7161531295874317
170	0.07830125388629078	0.9764073814529316	1.4291028006960587	0.7086834751702602
171	0.08993715347704334	0.9724363467454409	1.440063795344391	0.703081234162595
172	0.10317846174079719	0.9696332634511715	1.4493477288859677	0.69747899315493
173	0.10504164392356141	0.9665965899717193	1.4042645829732345	0.7133520068574686
174	0.09527294655456439	0.9682317216578445	1.4377112258382205	0.7012138207530886
175	0.09572802316610625	0.9689324926032388	1.3991274463028467	0.7114845955071329
176	0.08609495521169543	0.9736042980612006	1.4445398342486968	0.7114845953958264
177	0.09042810947155457	0.9733707081684022	1.4766340046481035	0.6993464067870495
178	0.09305517459703756	0.9715019856148639	1.4140441388754394	0.7058823546107743
179	0.0863936530968709	0.9724363467454409	1.4173114711608317	0.7133520089166394
180	0.10451468290868582	0.9630927354396712	1.4169444436786556	0.7096171817637069
181	0.07819701956149519	0.9750058397570661	1.4398722766605523	0.7105508883571535
182	0.09444136584133668	0.969166082885883	1.4629879335061509	0.70961717925931
183	0.10856193198942743	0.964727867418181	1.4662542031481376	0.7124183022118862
184	0.1028929649930751	0.9710348050495754	1.4210879803816923	0.70961718198632
185	0.08595892537756797	0.9736042982561236	1.4250949182652848	0.7105508888023797
186	0.08706685303736725	0.976407381550393	1.4425871467946514	0.7040149410899613
187	0.08348242681289883	0.9780425137238257	1.448985495487181	0.7077497683542004
188	0.09028337197976534	0.9719691664725368	1.4495170592816493	0.703081234162595
189	0.08556493412101973	0.9736042981586621	1.4360081433804652	0.7049486479060212
190	0.08700012082538157	0.9736042981586621	1.4175225106719274	0.7161531294761252
191	0.09759428711680714	0.9701004439189985	1.435960968669389	0.7161531294761252
192	0.08852425221805399	0.96963326335371	1.459707311555451	0.7152194226600654
193	0.08922889730263274	0.9740714786264891	1.4526501530024851	0.7124183022118862
194	0.0843413028499702	0.9780425137238257	1.463790934292876	0.7105508886910732
195	0.08658611527310162	0.9747722497668062	1.4240478015636084	0.7152194225487589
196	0.09404573825733374	0.970567624484287	1.4258989800258177	0.7245564909319695
197	0.10033896112502581	0.96916608269096	1.4719921320426363	0.7170868361808784
198	0.09420604451088058	0.9719691662776139	1.4216688707763074	0.7124183022118862
199	0.10518556949350773	0.965428638558498	1.4474867554494535	0.7096171817637069
200	0.08502132061993344	0.9731371176908351	1.4198939484151918	0.7002801137144158
201	0.08311865017291431	0.9740714786264891	1.4420942114848716	0.7152194226600654
202	0.07989668511802753	0.9771081524957872	1.4127182497475106	0.7105508888023797
203	0.08061321356277883	0.9759402009851046	1.4187163428432132	0.7180205431082447
204	0.06287009204778958	0.9801448260727009	1.4336948846679887	0.7105508886910732
205	0.09408000346879708	0.9698668538312771	1.3966261062746734	0.7198879568516707
206	0.08491407521895732	0.9731371175933736	1.482205566126648	0.7114845956184395
207	0.07029675296034608	0.9803784164528065	1.473688862014329	0.7161531270830348
208	0.07708201287116327	0.9771081525932487	1.457375728115648	0.7217553704837902
209	0.07896509470017372	0.9733707083633252	1.4414402585960124	0.7217553703724837
210	0.08725857897841104	0.9729035273107294	1.474171275184268	0.7161531296987382
211	0.07716209816127925	0.9752394302346332	1.4752113510803238	0.7198879569629772
212	0.077093849560349	0.9747722496693448	1.4250168889399224	0.7245564909319695
213	0.07812223805358716	0.9752394301371718	1.4023691216548062	0.718954250035611
214	0.07634315943083064	0.9771081523983257	1.4342590362306624	0.7208216636677305
215	0.06814873448266963	0.9796776455074124	1.4307799167882382	0.715219422771372
216	0.08455748409267773	0.9740714786264891	1.4447762634462558	0.72268907729985
217	0.07363971679901525	0.9778089232462585	1.4608416880100938	0.7114845956184395
218	0.0752678858070584	0.9775753330610757	1.4512007289907844	0.7198879566290577
219	0.07771272524665711	0.9736042981586621	1.5017947264634817	0.7096171795932296
220	0.0796323648817738	0.9766409718330372	1.4600649419841534	0.7226890774111565
221	0.08590421140980592	0.9719691661801524	1.4439966538373161	0.7161531296987382
222	0.06979630678662405	0.976874562213143	1.4767865063874772	0.7133520089166394
223	0.08222210424660913	0.9729035274081909	1.4724060329291222	0.7236227841159097
224	0.07709602728273734	0.978276103811547	1.4824771760892468	0.7189542498129979
225	0.0758816510111727	0.9759402009851046	1.4883880852317275	0.7058823546107743
226	0.07513034450927089	0.976874562213143	1.453030608281368	0.7245564907093565
227	0.06237878857010354	0.9817799580512105	1.4637377050633078	0.7254901976367227
228	0.07620411822900848	0.9764073814529316	1.4926814579941423	0.7180205429969382
229	0.06827364582285594	0.9789768746594797	1.466217933248739	0.718954250035611
230	0.07640446338230861	0.9745386593867006	1.4584268525201065	0.7273576112688422
231	0.07485296971586033	0.9780425135289027	1.4726351062122847	0.7180205432195512
232	0.06866695724220595	0.9794440553222297	1.4467283506242057	0.7245564905980499
233	0.07800156100139917	0.9768745623106044	1.4485642469229818	0.7161531294761252
234	0.07320128588531931	0.9775753328661527	1.4866454896250136	0.7086834750589537
235	0.06849313852710302	0.9785096940941912	1.4853554773731392	0.7114845953958264
236	0.07204541694864551	0.9759402009851046	1.458392673625109	0.7142857160666187
237	0.0669867885646016	0.9815463679634893	1.4716610340845018	0.7180205432195512
238	0.060620733070139626	0.9817799580512105	1.4821870020902903	0.7245564909319695
239	0.0627851200200177	0.979677645409951	1.4774343083663926	0.717086836292185
240	0.08427379225854756	0.9736042980612006	1.500365904176714	0.7096171818750134
241	0.0736186361652589	0.9782761039090084	1.4960751687111307	0.7236227840046032
242	0.07194479909059573	0.9759402009851046	1.485975942469222	0.7236227841159097
243	0.07887576796380723	0.9745386592892391	1.4600292463151237	0.717086836514798
244	0.07603361949940704	0.9768745621156815	1.4281420164526788	0.730158731828328
245	0.06719457024838484	0.979444055419691	1.4888926028760097	0.7105508886910732
246	0.06595188407917024	0.9794440551273067	1.4486149379185267	0.7161531295874317
247	0.07044013626429696	0.9792104649421239	1.4452286236315104	0.7282913179735955
248	0.07017131891694199	0.9766409718330372	1.5088830514003138	0.7133520091392525
249	0.07027333145110554	0.9785096939967297	1.4866676918264865	0.7208216613859467
250	0.0912687490883274	0.9712683952347583	1.5025047808468175	0.7086834751702602
251	0.08164565300160383	0.9733707078760179	1.4724012122434729	0.7114845955071329
252	0.07166934117528635	0.9719691660826909	1.5183064684925738	0.7133520091392525
253	0.07096696892503934	0.9785096939967297	1.502592826089939	0.7124183024344992
254	0.07155311358250682	0.9778089235386429	1.4982953254136941	0.7105508886910732
255	0.06412844642687	0.9799112359849795	1.4816345958148731	0.717086836292185
256	0.06294679261623935	0.9789768745620182	1.4674383360687313	0.7189542499243045
257	0.05875091528647471	0.981779958148672	1.5046042098161998	0.7254901976367227
258	0.07035572996027585	0.9747722498642677	1.523045476188624	0.7189542503695305
259	0.07054213136330133	0.9780425135289027	1.5110083303086452	0.7198879568516707
260	0.07010480662326171	0.9780425134314412	1.5442962771147684	0.7180205408264609
261	0.0945906244693474	0.9689324927007001	1.5233003416426487	0.715219422771372
262	0.0798899655453765	0.9722027558641049	1.4908887554172263	0.718954250035611
263	0.07762683220373028	0.9747722497668062	1.5209198811697582	0.7198879567403642
264	0.07467625633620041	0.9768745621156815	1.5297939115100436	0.7198879569629772
265	0.05627967354934423	0.9834150903221046	1.5757487424615384	0.7217553705950968
266	0.06971535557753515	0.9768745621156815	1.513960260191774	0.7329598522765073
267	0.06649906090440051	0.9806120067354508	1.5116684292099611	0.728291318084902
268	0.056616989441896484	0.9824807289966048	1.5018544027896599	0.726423904564089
269	0.0588278000135757	0.9815463677685663	1.5610844895285385	0.718954250035611
270	0.06391099178534862	0.978276103811547	1.5681252081075858	0.7245564907093565
271	0.0779431757796273	0.9759402009851046	1.549046947953859	0.7180205431082447
272	0.06271305308703144	0.9799112357900567	1.4943630205594303	0.7236227840046032
273	0.0737792633454729	0.9740714789188735	1.5178773306331046	0.724556490820663
274	0.0607334102976687	0.9808455969206337	1.4895390222052567	0.7217553703724837
275	0.06237955075179381	0.9817799580512105	1.483253656203896	0.7161531293648187
276	0.0657767540984303	0.9775753328661527	1.5210647723254036	0.7180205431082447
277	0.06235768352312146	0.9808455969206337	1.5062256871151323	0.7245564905980499
278	0.07563657058271062	0.9757066107024603	1.5346000420501809	0.722689077077237
279	0.06789375350394418	0.9775753329636142	1.537811492114953	0.722689077077237
280	0.06451685577665804	0.9803784164528065	1.5188205530440886	0.7236227837819902
281	0.06376590035530319	0.9806120067354508	1.5240526261672476	0.7170868336764815
282	0.06909149429458264	0.9787432843768354	1.5551634533843852	0.7170868361808784
283	0.06478599846516221	0.9785096939967297	1.5179655384950612	0.7161531295874317
284	0.06144491078745842	0.9808455969206337	1.5225596414560698	0.7208216636677305
285	0.05972286347361598	0.982247138811422	1.5054006966110927	0.7245564907093565
286	0.061874341001245524	0.9789768746594797	1.4872680131126852	0.7273576112688422
287	0.06860016076134845	0.9780425136263642	1.5038415349386876	0.7152194228826785
288	0.04979769765279528	0.9857509927587013	1.4949368316363665	0.7264239044527825
289	0.07733814789365591	0.9752394302346332	1.4999942853003323	0.724556490820663
290	0.057344595545107055	0.9820135483338548	1.5568689745681292	0.7217553702611772
291	0.05739493540335247	0.9829479097568162	1.5516696799925618	0.7086834752815667
292	0.06301439315501815	0.978276103811547	1.5448045572535554	0.7189542498129979
293	0.05908050219106552	0.9810791873007393	1.5413256167920253	0.722689077077237
294	0.0665334492775637	0.9789768740607878	1.5368398863171775	0.7320261452378345
295	0.07558777818360136	0.9764073816478545	1.5114945646316287	0.726423904564089
296	0.05922883176770174	0.9822471387139605	1.4791104553126488	0.7366946793181333
297	0.061571736864204356	0.9815463678660278	1.526347689935807	0.7226890771885435
298	0.05592513273069163	0.9803784163553452	1.520694874915756	0.7189542501469175
299	0.07918271097456621	0.9724363467454409	1.5662012599986028	0.7217553705950968
