epoch	loss	acc	val_loss	val_acc
0	5.422644454495529	0.01269781105040284	4.736033467823649	0.012125805248310504
1	4.872398379447053	0.024827063395001476	12.450948923363203	0.01629405083327458
2	4.64774517749572	0.026817018858609036	4.570643591401973	0.03296703296703297
3	4.481814334395485	0.03790391358048907	4.751078277340708	0.057976506290482316
4	4.258449135262244	0.05638207145170116	4.099537676145923	0.06744979170065299
5	4.04189145914087	0.08433620771485845	3.802302992041249	0.11102690416987804
6	3.764941893154373	0.11958684734622416	3.578437901663482	0.14550966321970307
7	3.5638322490183176	0.1493414195086237	3.325017486932197	0.17127699893943377
8	3.3589449922676775	0.17625319819354135	3.1074214980836254	0.22356953375061248
9	3.1734004533314586	0.21159859760320662	3.605962897214351	0.15649867364970876
10	2.9736302539001627	0.24817587405169259	2.956874298028487	0.26070481284114616
11	2.816115978396042	0.27414005509622963	2.6897856423962336	0.31186055370852456
12	2.6215433435486153	0.320761868595162	2.988970958450248	0.25047366434581897
13	2.477129377008874	0.3562020279525705	2.51948623460276	0.3789314129737436
14	2.318160009397711	0.38804131524038465	2.625032635790329	0.35164835152412827
15	2.1669910202362543	0.42717710604608244	2.887507248394595	0.29708222830869246
16	2.0146563952312326	0.46091158909898433	2.231257725051065	0.4281924969434467
17	1.8834022608660053	0.4922770775517818	2.3402116701611066	0.41606669197393303
18	1.7531288410378532	0.5272434378228322	1.8716883065349093	0.5123152712069935
19	1.638451044405624	0.5531128590438847	1.7833001334904812	0.5236832129770086
20	1.5531936286919763	0.5762342462480481	1.5446199889705234	0.6006062894935362
21	1.4442126302936908	0.6086420921604746	1.594101825235648	0.5839333078227923
22	1.3474699195884228	0.6280678479883621	1.6018062164585625	0.5903751417379028
23	1.2753183966415884	0.6499573580012055	2.107760815513816	0.48920045467252393
24	1.1789889485420553	0.6754477399226716	1.7810565194382546	0.5623342184100741
25	1.1136961274945452	0.6895669478946734	1.3885296834332783	0.6498673745021987
26	1.0610238241943761	0.7011276414176812	1.2553457209629377	0.677150434686994
27	1.0018742831410994	0.719984838417624	1.4441947708440668	0.6456991276898227
28	0.9462376119378143	0.7337250071295763	1.2662608341630457	0.6714664634857814
29	0.9175257582546105	0.7392210745646537	1.3118092107158486	0.6748768473583986
30	0.8642435076337713	0.7575097129908172	1.1103822151880094	0.7211064805402679
31	0.8374378736986319	0.7614896235099553	1.2169325172833396	0.7002652523733531
32	0.7841581897939832	0.7721974793784507	1.093611976557403	0.7283061761303172
33	0.7513309586198367	0.7866009666627587	1.1608780598541064	0.7112542625266794
34	0.7086578203887834	0.7938027102427834	1.0627511872085218	0.7298219022131093
35	0.6924451154339972	0.7991092580195954	1.1552571580915028	0.7264115196956563
36	0.6488318845218791	0.8123756279756048	1.205535916452744	0.7101174700707367
37	0.6477517995700603	0.8103856725578883	0.9495968745937398	0.7669571792596034
38	0.6068004792158856	0.8245048802418358	1.0080903945840096	0.7578628289062628
39	0.5857319094429172	0.8297166685622913	0.956815425217626	0.760136414970038
40	0.5553769013711788	0.8390978868511698	0.9479547157663429	0.7730200854428296
41	0.529884616142312	0.850753340598679	1.0494276712951718	0.7389162560221191
42	0.5146903911721793	0.8453520323488483	1.1245675708543807	0.7317165603191395
43	0.49721755780823973	0.8520799773254293	1.2245410677608823	0.7214854113212721
44	0.49066010247720065	0.8547332510839285	1.0259166728280267	0.7559681712067818
45	0.47318478866650526	0.8582393631690669	1.0370077179344643	0.754073514139711
46	0.45276812021397733	0.8677153418010574	1.1137904212889502	0.7468738163362266
47	0.4385790709781385	0.8649673081908329	0.9398023130858473	0.7798408489870546
48	0.44365912975772887	0.86837866005147	0.9388039356246506	0.784766958942464
49	0.41312621204161504	0.8756751636583117	0.9127557011841373	0.8029556647987698
50	0.4103951890677804	0.8749170853471933	0.8764955514350955	0.7912087929705048
51	0.3878110399446611	0.8850563820658007	1.0391545778605558	0.766578249314284
52	0.3653523927614676	0.889415332330727	0.9912612753503474	0.768093976955515
53	0.3662052103962072	0.8906472096406577	0.8868344058453833	0.7934823808185798
54	0.35996987654633467	0.8907419693455316	0.8979456228666027	0.7862826842799155
55	0.3557180742917892	0.8904576898694299	1.4568477499073949	0.7150435776094363
56	0.3400025179767274	0.898701791118064	1.0563065518073487	0.7548313772827443
57	0.3392440389256155	0.9005022268888115	1.0730613016549182	0.7472527483820509
58	0.3357925818428026	0.9008812662279347	1.0788923475316818	0.7688518389466587
59	0.31937529562231964	0.904576897722821	1.004486214306012	0.7870405459548543
60	0.3127217989481649	0.9040083388158024	1.0923228129241989	0.7699886335031062
61	0.30639528663115717	0.9075144511042732	1.131892493928459	0.7446002291205617
62	0.29065153372691027	0.9132947978855456	0.9293299825772412	0.7915877222834143
63	0.3017187041150985	0.9052402160861961	0.9512318404798663	0.7923455862621324
64	0.2970935258381425	0.9086515685116455	1.0049930267733307	0.7779461931848038
65	0.29210131352833185	0.9110205631894116	0.9879758835019555	0.7851458882553733
66	0.2714424671341003	0.9199279825190148	1.1392960128299934	0.7639257293074544
67	0.27033099236730534	0.9181275466240086	1.154694364892122	0.7616521420917894
68	0.28488807775850467	0.9119681607125936	0.9221512025258178	0.7991663515003128
69	0.2580174334770151	0.9215388989251992	0.9751098146940913	0.7855248214530872
70	0.2605760289822259	0.9226760162534978	1.0216905655125499	0.7840090954832255
71	0.25492650179244847	0.9234340947284119	0.9785363172301292	0.7995452825975219
72	0.254603403797367	0.9224864965669919	0.8992967701355766	0.8082607036379532
73	0.23507007910755023	0.9261821285419687	0.9204556061129264	0.7972716946365166
74	0.23819359187959868	0.9290249220603994	0.9998991933904303	0.7893141346386139
75	0.22361167194458542	0.9318677154997564	0.9909528408957594	0.7957559686666549
76	0.22477198063079004	0.9334786318268673	0.923013313424637	0.8010610094030683
77	0.2240047947548017	0.9305410784849519	0.9220951017713673	0.8056081866802434
78	0.2273856194524486	0.9301620392700874	0.9996290603746469	0.8025767339048353
79	0.23089239527114386	0.9301620394282348	1.1012435033042216	0.7646835933991027
80	0.2198806792867587	0.9326257937318011	0.8911588942069545	0.8188707864659445
81	0.21057346308586056	0.9379323417119456	0.890948059794667	0.8150814697118183
82	0.207604005845262	0.9367952242650365	0.8945997289836113	0.8040924587228073
83	0.21053250983610183	0.9367004644810888	0.9103519418285669	0.8082607072065526
84	0.22563390503683825	0.9285511229429766	0.8702106869505318	0.8268283443633423
85	0.20379846955174846	0.9383113808081995	0.9892084003624115	0.7915877247001241
86	0.19343553842777417	0.9407751351513027	0.9415873289108276	0.8071239120176951
87	0.20633142999616333	0.9368899840489842	0.89025715938704	0.8237968951565336
88	0.20661310711076877	0.9367004645206256	0.9724355856095719	0.8112921578814559
89	0.19279318458122585	0.9405856155043336	0.9024997272243912	0.8093975011305902
90	0.19279078306558065	0.9391642188637288	0.939693864162513	0.8052292526468449
91	0.18477413197789588	0.9422912916944658	1.0194402625498422	0.7923455872107473
92	0.19467574244882782	0.9437126883746074	0.9175593069260117	0.8086396383037617
93	0.18369583602675915	0.9432388895339427	0.9741663007674772	0.8052292549506243
94	0.17708427509905253	0.9464607221486274	0.9428723572148839	0.8143236077206747
95	0.17055139237869907	0.9488297168263935	1.0150529652122477	0.8078817742121134
96	0.18244355530927703	0.9477873590843583	0.9207099785674653	0.826070482168924
97	0.18354729929914027	0.9453236048598657	0.9497059797328185	0.8037135299293775
98	0.18575523225778565	0.9451340852128965	0.8548516072121115	0.8188707858335343
99	0.1822199133728439	0.9454183646042765	0.9290478956794233	0.800303146260035
100	0.1749927204147816	0.9488297167077828	0.92578032268363	0.8147025406021835
101	0.16434959081533473	0.9510091918176535	0.9865012339634984	0.8086396373551468
102	0.16974988062664376	0.9461764428363212	0.9058451255237844	0.8211443755788395
103	0.17023345638791254	0.9475030796929783	0.8843865465512553	0.8196286481408831
104	0.15828198235452678	0.9523358286743107	0.9011649550611027	0.8173550581923034
105	0.16852489751480795	0.9493035155427995	1.1307644916330608	0.7965138324420983
106	0.1649636056757443	0.9491139961386996	0.959848155212836	0.8173550581923034
107	0.1712706461993595	0.9486401971794244	1.0179746796028684	0.8131868152647318
108	0.15085796409621122	0.9533781863372721	0.8963724455177535	0.8101553639574185
109	0.15993953062724267	0.9510091918176535	0.8957834419945778	0.811292157565251
110	0.1505631261307414	0.9547995830964875	1.120890073272124	0.7877984102497773
111	0.1526069169410267	0.9514829905735964	1.0220696631594561	0.8056081863640384
112	0.15165789361972895	0.9534729461212198	0.9172982610324514	0.8128078841675227
113	0.15185461981518736	0.9538519852965475	1.0128476425931958	0.7991663520197925
114	0.15658932766970396	0.9528096277126596	0.9513617511859849	0.8181129207029266
115	0.14984920251178005	0.9537572255125998	0.9127321685295567	0.826070482168924
116	0.13930639176417062	0.9583056952606995	0.9028758272251969	0.8112921572490459
117	0.147870922892351	0.9554629017818057	1.0763799451254858	0.8006820783058591
118	0.15175372305373203	0.9547995831755612	1.0513268970277736	0.8014399408164825
119	0.14435498238013705	0.9547995831755612	1.0025445862492182	0.8139446784077652
120	0.14020347863889007	0.958305695142089	0.9433531806793299	0.8264494141018178
121	0.14062265972836735	0.9576423766544552	0.8849444840387125	0.8253126201777803
122	0.1429131033690995	0.9541362647670011	1.0830173522696978	0.8093975008143851
123	0.13337003555945579	0.9591585331976182	1.0343910719057339	0.8063660465708823
124	0.14097629794348793	0.9565052592866197	0.9629380561131878	0.824554758615772
125	0.1385195074370153	0.9573580974212227	1.002627112369458	0.8105342932703279
126	0.13915080605022695	0.9561262201508289	1.0277440131455942	0.8150814697118183
127	0.1276734906862011	0.9602956506445274	1.2452420454758863	0.7677150438707315
128	0.11733355912610523	0.9644650810591522	0.9789840116470138	0.8309965890752136
129	0.1280017889577902	0.9601061311161688	1.0071636437466307	0.8147025382984041
130	0.12336630243227334	0.9615275278358474	0.9290877861161718	0.8256915492874152
131	0.13392291449333021	0.9590637733741336	0.9123952611913821	0.8253126204939853
132	0.12079445123220635	0.963801762650592	0.9029938611355457	0.8249336897129812
133	0.1240728124552549	0.9620013267555858	0.9680037552680695	0.823796893056029
134	0.1270580522643326	0.962285606107429	0.9312659332859737	0.8226600979801018
135	0.12399234082120907	0.9619065668925645	1.0624217199935928	0.7896930673168482
136	0.1355096455629907	0.9600113709707413	0.9849720110763154	0.8177339904414022
137	0.12125850442469001	0.9620960864604599	0.9193731285081121	0.8260704830046087
138	0.12318658732858459	0.9652231593307337	0.9108450387679704	0.8291019328438274
139	0.13015308610316217	0.9619065669321013	0.8860601017130917	0.8389541493893212
140	0.12178705805236781	0.9625698854988088	0.9529090764261458	0.8272072778772612
141	0.11974844835309591	0.9606746897407813	0.9285509179107345	0.8253126193420957
142	0.11618472046787949	0.9639912822184874	0.9620215481273511	0.8256915492874152
143	0.11216842063321307	0.969108310512126	0.9495728353335579	0.8230390305454056
144	0.11816669531370592	0.9642755614517199	0.91786325867766	0.8317544519020419
145	0.1267576238591784	0.9606746897407813	1.0100172886843028	0.8120500192401896
146	0.11674476212504283	0.9627594049876306	0.9367131018286268	0.8378173563009683
147	0.11825398255185833	0.9640860419233613	0.9783126192817456	0.8222811683509873
148	0.11367408678078215	0.9682554724565967	1.034911832560098	0.8211443744269498
149	0.1180688535328116	0.9633279637308535	0.9492650887603875	0.8215233043722693
150	0.1057759371824336	0.9678764333603428	0.9010085006607622	0.840848806456392
151	0.10675515231505103	0.9676869137133737	0.8387411044103804	0.8427434635234629
152	0.11142463840549166	0.9643703212356676	0.8707492760791612	0.8408488069758717
153	0.10498771968638401	0.965886477976515	1.0262761655609098	0.8272072755734818
154	0.11060424976627668	0.9671183551282981	1.0326984179837544	0.8090185674133966
155	0.11215330544980252	0.9689187907013612	1.0772959376068085	0.8037135281450778
156	0.10406070377786758	0.968539751768903	0.8975136384181608	0.8359226977658027
157	0.11666125174914334	0.963801762650592	0.922576757464819	0.8321333847835507
158	0.09875085176952098	0.9694873497665273	1.0022761671775307	0.8211443749464294
159	0.10396880696158856	0.9667393158343599	0.9158500362499594	0.8328912490784738
160	0.10610851128666388	0.9655074386825767	0.9249902979222695	0.8366805602764261
161	0.11360542580667496	0.9656021985060613	1.1139709148591286	0.8188707867821494
162	0.1052993633665655	0.9657917180739567	0.9044964103682468	0.8355437663523886
163	0.10165156283972106	0.969108310472589	0.9274102053709128	0.836301629811627
164	0.10413137028228725	0.9681607126331121	0.9378729935801811	0.8321333844673457
165	0.09800166149554768	0.9721406235984521	1.0632692807865396	0.8321333836316611
166	0.11078834162821513	0.9668340756183076	0.9339633431792395	0.8241758233175535
167	0.09356812511328147	0.9721406236379889	1.0409084045557238	0.8241758247856481
168	0.1014679362482904	0.9685397518479767	0.9468703093109551	0.8279651380841052
169	0.1021325670141756	0.9686345115528506	0.911629375114094	0.8446381205905338
170	0.09163914259255221	0.9729934616144444	0.9124368810211	0.8366805605926312
171	0.1048621374894508	0.9683502322010076	1.0090940200546195	0.8294808645734465
172	0.1010583051041123	0.9687292712972615	0.8887007506610137	0.8351648364070692
173	0.09995176377177159	0.969392589863969	0.9989334318889909	0.8347859038417653
174	0.10551939913585583	0.9687292714554089	1.036282497267237	0.823796893056029
175	0.08982836172559369	0.972803942086086	1.0001185130964585	0.8222811668828925
176	0.10108310132858697	0.9686345115528506	0.9089375145510319	0.8325123165131699
177	0.09080508263462371	0.9726144224786537	0.950682634248477	0.8347859023736706
178	0.09816046554683837	0.9688240311602828	0.9255850605550884	0.83478590467745
179	0.10302969701372819	0.9679711931047537	1.0403010919718365	0.8234179604907251
180	0.09336360449713237	0.9710982660145644	0.9996295436262497	0.8211443723264451
181	0.08794130941544576	0.971761584541735	0.9620477079035161	0.8203865098158217
182	0.09324680028295648	0.9724249029898321	0.8869679337335654	0.8340280403825269
183	0.09261260661067533	0.9714773050317446	0.9041220734362442	0.8381962862462878
184	0.08970159387886158	0.9724249028712214	0.9521522764095351	0.8287230005947285
185	0.0911774827746501	0.9716668247182505	1.0138392085918833	0.8325123147288702
186	0.09524660189074328	0.9706244669762153	0.8503669247161082	0.8438802580799104
187	0.08921133683521205	0.9704349474478567	0.9669845286938854	0.8416066689670154
188	0.09060316053465804	0.9724249028712214	0.8972643507209046	0.8325123147288702
189	0.09794423039263034	0.9711930256799014	0.927279916890149	0.8438802580799104
190	0.08247527876694281	0.973751539886026	0.8939850371685295	0.8336491110696175
191	0.08603343110939998	0.9746043779415553	0.9278279443770117	0.8332701781881086
192	0.08854130688639238	0.9725196627737798	1.005302067189652	0.8154604022771221
193	0.09538251963679421	0.970340187703446	0.9963768791998819	0.8302387268807953
194	0.09161056919658984	0.9719511039910198	0.8804806930271682	0.845395983101157
195	0.09349105195147182	0.9722353833823998	1.0011997108163144	0.8154604011252324
196	0.09238296476168327	0.9722353833823998	0.9217142912419107	0.8306176602817837
197	0.0869551240588764	0.9732777410058244	0.8753338033568457	0.8419856000642245
198	0.08688544481216105	0.9733725008688459	1.0201816684642313	0.8264494138985432
199	0.08593061526392372	0.973467260534183	0.8923710593449071	0.8355437660361836
200	0.08521957482408711	0.9715720649343028	0.9404933707828818	0.8355437660361836
201	0.08848516958300863	0.9748886572933984	0.95372872986817	0.8374384243680745
202	0.09046577253517218	0.9721406235589153	0.8826456939510072	0.8355437669847986
203	0.08237236736016308	0.9743200985897121	0.9583337334531327	0.834028041331142
204	0.08870241841560605	0.9731829811823398	0.9581980232986459	0.8287230011142082
205	0.08548838185744975	0.9730882213983921	0.8827390985626214	0.8378173538842586
206	0.07855341116814188	0.9763100540526137	0.9976777853772423	0.8389541502250059
207	0.07067526685137336	0.9777314508513659	0.9378974818740663	0.8370594925255249
208	0.07920308706518214	0.9751729366452414	0.9221043490062567	0.8291019320081426
209	0.07882435105887169	0.975931014916823	0.994169050204388	0.8309965893914185
210	0.07992373443458653	0.9755519758205691	0.9541540490537487	0.8268283440471373
211	0.0840132755373797	0.9750781769403675	1.0269266305524503	0.8264494117980384
212	0.08894701162189891	0.9736567801811521	0.9688251795033336	0.8139446774591501
213	0.08900971491111123	0.9734672605737198	0.9323114654068334	0.8378173548328737
214	0.08234149218170403	0.9743200987083227	1.0208158689992544	0.8200075790348176
215	0.0813567059577545	0.9754572159970845	0.8779972360277772	0.8397120118999445
216	0.07955774286101579	0.9751729366452414	1.0122208256033074	0.8075028434311092
217	0.08255658280798059	0.9748886572933984	0.9498051516302339	0.8332701781881086
218	0.07978641427965127	0.9760257747007707	0.9467113147454083	0.840848806140187
219	0.08620747193760481	0.9735620203576675	0.8723340080108729	0.8480485044631509
220	0.07331680033825805	0.9771628920686061	0.8409598242292444	0.8404698755624576
221	0.0778088791086376	0.9773524116365014	0.975611054680482	0.8389541497055262
222	0.08933241801341879	0.9735620203972044	0.9530418044285776	0.83478590467745
223	0.0797962074734692	0.9754572159575476	0.8951496727406053	0.8397120124194242
224	0.07612981073068356	0.9754572159970845	0.9514341087854464	0.8200075786056822
225	0.07300516133013353	0.9784895291624843	1.0324426354581364	0.8332701781881086
226	0.07647633519015537	0.9754572159575476	0.904760190622063	0.8404698740943628
227	0.0810423884890274	0.9754572159575476	0.9000361074141907	0.8469117084386087
228	0.07672729823901779	0.9753624561736	0.9007172875894024	0.8355437660361836
229	0.07965354918501653	0.9768786128353736	0.9446330492855157	0.8366805620607258
230	0.07387121998166898	0.9781104899871568	1.0318037606676946	0.8014399381964981
231	0.07785268658700627	0.9768786129144473	0.9601942582670691	0.8313755208048327
232	0.07751485464836222	0.9764995736205091	0.9288754654725694	0.8393330804865303
233	0.07426567333228416	0.9785842888673584	1.012183482197931	0.8347859044741753
234	0.07261331694508281	0.9780157301636722	0.9197292681578751	0.8423645323133234
235	0.08882106864826833	0.9705297073108782	0.8974626722232822	0.8442591894933246
236	0.07252931401259208	0.9773524116760384	0.9585431555131476	0.8397120122161496
237	0.07751842198606962	0.9756467356045168	0.9522486841330794	0.8321333839478661
238	0.0678180144978148	0.9782052497711045	0.9023040544358832	0.8359226971333927
239	0.0781516190175252	0.9772576519316275	0.9596363302431761	0.8340280410149369
240	0.07940072059775374	0.9750781769403675	0.9457019267772445	0.8397120122161496
241	0.07423230523389515	0.9782052497315675	0.987984059705297	0.8207654412292359
242	0.06727590233244275	0.9802899649784168	0.885245929165472	0.8446381212229438
243	0.07609926713924436	0.9762152943477398	0.9944551247636131	0.8355437663523886
244	0.06764253063801114	0.9801004453709845	0.9104676801582863	0.8446381202743287
245	0.0654134438317991	0.9810480432104615	0.8846687766447714	0.840090942477674
246	0.07450171256533034	0.9774471714995229	0.9331230261688117	0.8302387275132053
247	0.07167899821475705	0.9787738084747906	0.9213438717512165	0.838575217659702
248	0.06554844307245564	0.98028996493888	0.9214316288509709	0.8404698750429779
249	0.07287862157703469	0.9776366909883445	0.8514419935471454	0.8461538465603955
250	0.07075730682769274	0.9781104899871568	0.9404805633957615	0.8234179622750248
251	0.06884428573879801	0.9788685682587382	0.9565452289834263	0.8378173548328737
252	0.07377703473893972	0.9782052497711045	0.9261405554039996	0.8302387268807953
253	0.08045821799369353	0.9761205345637921	1.0084653196347486	0.8241758251018532
254	0.06731950400802611	0.9799109259612366	0.9333154291038759	0.8404698756753879
255	0.06949588379314428	0.9782052497315675	0.9285430174381636	0.8313755217534478
256	0.0747888343210843	0.9780157302032091	1.0159513701901106	0.823039029709721
257	0.07193555768396033	0.9768786127958368	0.908724013694808	0.8344069724283512
258	0.06994995155625802	0.9772576518920907	0.9372899568004109	0.8359226983982128
259	0.06431621955286708	0.9797214063538043	0.9538530137060989	0.826828346780052
260	0.06799979316734153	0.9773524116365014	0.9095811928795702	0.8325123144126653
261	0.06714045618632772	0.9788685682192014	0.9160919728808531	0.8260704807008293
262	0.06227148924858482	0.9806690041932813	1.1242877339584985	0.8192497155755792
263	0.06997098818832265	0.9775419312439337	0.9489796969555417	0.8347859035255603
264	0.06441606239914417	0.9809532834265138	0.9277510422565306	0.8397120122161496
265	0.07248493215856558	0.9765943334044568	0.9891284874055638	0.836301628863012
266	0.06435282761314905	0.9800056855870368	0.9449478019227942	0.845017052636358
267	0.061741193569543565	0.9805742443697968	1.0918555155808658	0.8234179625912298
268	0.05941539860560771	0.9812375628178938	0.9658962631370137	0.8370594929546603
269	0.05630750595495326	0.9820904009129598	0.9429264442177151	0.8419856016452496
270	0.06537178327762509	0.9807637638586184	0.908389791592182	0.8366805612250412
271	0.06221016467473275	0.9794371269228875	0.9706004050113162	0.8226600994481964
272	0.06823849214540435	0.9787738084747906	0.9598334422500895	0.8336491102339328
273	0.061778072839996256	0.9793423672180136	0.939513522461085	0.8453959837335671
274	0.06286864679973576	0.9798161660191415	0.9191832350211958	0.8397120118999445
275	0.06307121874028718	0.9819956410499384	0.8982465226300606	0.8484274356732905
276	0.07319400841473479	0.9783000094759784	0.9037486328325203	0.8400909465657531
277	0.06406536771202159	0.981332322720452	0.9661541283243577	0.8287230015433436
278	0.05641967694019239	0.9825641998326983	0.9993219778997603	0.8226600994481964
279	0.06571769913169408	0.9785842888278214	0.9301087304740839	0.8359226980820078
280	0.0633175175322477	0.9788685682587382	0.942050442794093	0.837817354313394
281	0.06471128523276336	0.9790580876628381	0.9326062503751817	0.8393330811189403
282	0.06475241044387087	0.979531886785909	0.9042546014164198	0.8393330814351454
283	0.06690629166891146	0.9806690040746707	0.9980023995228182	0.8397120128485596
284	0.06856990252796828	0.979816166177289	1.0187173092532402	0.8256915499198252
285	0.055109522131484436	0.9828484791054677	0.8958511778738246	0.8442591901257346
286	0.06454552340669044	0.9796266464907829	0.9331792173127236	0.8340280403825269
287	0.06423461127108074	0.9804794845463122	0.8828043027464392	0.8491852978677088
288	0.05559805507244719	0.9828484791054677	0.9588409795052809	0.8374384231032544
289	0.059276413401232436	0.9812375627783568	0.9741049383164536	0.8321333836316611
290	0.064858597299702	0.9801004454105214	0.8869597551586864	0.8431223946206721
291	0.06830387954493106	0.9798161660191415	0.961724173191507	0.8416066695994254
292	0.06223838221033603	0.9826589595375722	0.9386185274154862	0.8378173551490786
293	0.06460481745551958	0.9804794846649227	0.8739927688662236	0.8366805599602211
294	0.06049441835050259	0.981806121482043	0.9444121001976464	0.840848806456392
295	0.06328939643517204	0.9800056856265738	0.8860654862553118	0.849564228964918
296	0.05258914708524962	0.9836065573770492	0.9375654355555423	0.840848805823982
297	0.054776111807426	0.982943238968489	0.9222330310300427	0.8363016291792169
298	0.061232574404805326	0.9815218421697368	1.1025420011738658	0.8226600994481964
299	0.059773179684545624	0.9816166020327582	0.937185780213339	0.8351648346227695
