epoch	loss	acc	val_loss	val_acc
0	4.636670805069775	0.012224012129958361	4.607194710428311	0.01098901098901099
1	4.536827370892946	0.024542784045276444	4.398071509321877	0.043956043965572456
2	4.3250521290509	0.05060172462947988	4.272768046106973	0.057597574822014594
3	4.116870632965079	0.07296503364254736	3.9624746426708457	0.10193255019147272
4	3.891186286180175	0.10452004169995306	3.8394090552906412	0.1110269042065804
5	3.666391492872727	0.13616980945940865	3.398432371787114	0.1909814323268636
6	3.4525829054648915	0.1722732872649142	3.2860190099547784	0.21826449401927925
7	3.281393486052952	0.19918506586228593	3.2226896342927644	0.22508525985034408
8	3.1232128045259127	0.2318771913256519	3.348136723154465	0.2027283063855032
9	2.9637690749900845	0.2618212830545348	2.6987555598887405	0.3319439179701261
10	2.835688831297174	0.2908177769863017	2.6671586081854275	0.3391436152541308
11	2.693825268377165	0.315644840465319	2.8836275115524472	0.27965138265923056
12	2.5818912953796356	0.3396190656854746	2.427209398971448	0.3853732473744547
13	2.46363560963409	0.36207713447825374	2.507823605120024	0.37324744246140623
14	2.345168746750151	0.39334786306520575	2.3006521519859344	0.42402425286398554
15	2.2733451185729803	0.41002558496092595	2.205986551643999	0.4444865479799959
16	2.185363020115663	0.4230076754747223	2.1608905709119584	0.4516862448913304
17	2.08474992894679	0.4474557001060031	2.067584950258082	0.46760136457093066
18	2.034177307109748	0.454846962926332	2.029500916944665	0.48616900382822503
19	1.9987886557248737	0.46801857293742216	2.0407902828533118	0.47669571886554096
20	1.910328915432529	0.48374869710945195	2.110887419594739	0.4706328159347092
21	1.8412227042306715	0.5086705202086214	1.887524724322858	0.5259568020899037
22	1.8144199063537765	0.5128399508661154	1.7716573961036772	0.5600606298166588
23	1.7895868061662659	0.5197574150547601	1.9449786410814165	0.530503980722243
24	1.7495626452341244	0.5291386335865079	1.874523156337008	0.5331564983123629
25	1.7254510109180365	0.5326447457168313	1.8038199058126527	0.5452823029092064
26	1.684005564901373	0.5424997628407264	1.6942266232590641	0.572944297669466
27	1.6334296141847393	0.5566189707675433	1.7933677925490754	0.558165973065793
28	1.5975252549862689	0.5672320667730173	1.7788487563489197	0.5524820007126907
29	1.589381779594624	0.5674215863380886	1.8090338069591254	0.5524820003964857
30	1.5506691953802203	0.5794560789474545	1.6775936435325076	0.5786282672896536
31	1.5298802788919785	0.5858049842686176	1.7460338516911127	0.56877605085709
32	1.5066159239857273	0.585425945048105	1.8005824566971582	0.5456612367393303
33	1.4989646059477442	0.5880792192810465	1.8389778635907508	0.5331564983123629
34	1.475914425379087	0.5950914431350283	2.1435489869108704	0.5035998482693321
35	1.4819870783934082	0.5931014874687943	1.571290032616977	0.6123531643483349
36	1.4481692893984284	0.6020089074422835	1.6381915028956227	0.5934065932484909
37	1.4325230815992822	0.6125272434604775	1.6082146839464917	0.599469496292253
38	1.418498648610328	0.6111058465487628	1.56919019784201	0.6157635477014725
39	1.385005272734982	0.6153700371822407	1.581436313928732	0.6108374393270882
40	1.3900324795287469	0.6191604281786685	1.7377886347537603	0.5589238347407316
41	1.3625552159942609	0.6264569317855101	1.5818292842574444	0.6040166732532231
42	1.37546980666807	0.62115038364157	1.658214141718137	0.5990905648788388
43	1.3345399169597447	0.6227613001268283	1.5952711978072514	0.6131110257070685
44	1.3057346758114539	0.6385861840517411	1.5086702093476372	0.6267525586904834
45	1.3295245335970312	0.6331848764062594	1.5908050343320874	0.6078059877035699
46	1.2866831042241746	0.6391547425916316	1.5027354333652787	0.6343311854906721
47	1.2905477016647426	0.6454088886145855	1.6925198775703774	0.5877226231088237
48	1.2978912198372976	0.6396285415904438	1.6306548392786226	0.6006062908487005
49	1.2820176238710028	0.6465460058638104	1.5829457039632504	0.6184160663305516
50	1.2781040289046628	0.646356486295915	1.5198288107514608	0.6309208048704493
51	1.2804915763682736	0.6470198046592901	1.5842043293746595	0.6127320970265691
52	1.262208366150044	0.6512839952984162	1.5245504044095148	0.6252368314558017
53	1.3014945434550251	0.643797972163216	1.6347518989921475	0.6006062905324956
54	1.2630507747313429	0.6546953473228487	1.4914168820050504	0.6328154601532205
55	1.2523494910642592	0.6539372690060823	1.4707945315573152	0.6547934832831321
56	1.2271516873781618	0.6603809343992472	1.605734780052477	0.6047745367124615
57	1.2287552973720957	0.6612337726581089	1.520871860775906	0.6343311861230823
58	1.2527762537351392	0.6536529895356286	1.3953691992447113	0.660856386530169
59	1.2279539350241968	0.6548848668060223	1.6648841456691168	0.6078059864387497
60	1.2528308086301279	0.6533687105452654	1.4425279823113861	0.6631299735425593
61	1.216599158051002	0.664645124755967	1.6558988860449406	0.6093217125215419
62	1.2061862701557715	0.6642660852982333	1.5584081279007311	0.6430466089478132
63	1.210229136814362	0.6678669573706518	1.5631304677122693	0.6464569916685408
64	1.214491169203924	0.6675826781374193	1.495817963938769	0.6400151558562001
65	1.2173513383828305	0.6679617170698776	1.4541713285283546	0.6487305800360954
66	1.2161669797675028	0.6681512366434211	1.5748779400138522	0.6392572941812614
67	1.2072628925821063	0.6684355161138748	1.5869355621370416	0.6312997344995638
68	1.1878034466760912	0.6706149909865243	1.4647287526515542	0.6638878357369776
69	1.2151193968732132	0.6684355159952642	1.4986617460807374	0.644183401719961
70	1.1836952572579205	0.6776272150381903	1.448187923738567	0.6528988250641716
71	1.1976463080220658	0.6744053824630426	1.5404226012463007	0.629405077432493
72	1.1813506622128291	0.6771534162370625	1.5174618991047382	0.6422887460080544
73	1.190287714505844	0.6762058184032337	1.4794428294334687	0.640394088105299
74	1.1992831007627518	0.6783852932306982	1.6805948281026148	0.6134899592209874
75	1.1941022686988587	0.6719416280013288	1.5179890434414025	0.6517620308239291
76	1.1880194164052187	0.675068701069287	1.5690838432348149	0.6335733247643486
77	1.200668694509168	0.6699516725384272	1.4022929385648888	0.6703296710298385
78	1.1584833958900609	0.6827442434899764	1.4665193098338547	0.6502463053735471
79	1.1939959506858393	0.6740263430053087	1.4664201258077185	0.6582038666362697
80	1.1761419536106554	0.6793328911407767	1.4842465566206537	0.6381205010929086
81	1.159729518077503	0.6804700085170843	1.4768469419475756	0.6403940886247786
82	1.1655287036147488	0.6801857290409825	1.3991858099120364	0.6665403562632868
83	1.1787777544028113	0.6835970813026363	1.4253711571247119	0.6597195910251064
84	1.1803305890676954	0.6802804890282627	1.4268545074957977	0.6646456988800109
85	1.1611371135232709	0.6868189140811166	1.5565844182942843	0.6415308836103615
86	1.1618479409963838	0.6875769921889026	1.798522106848598	0.5816597192293769
87	1.1909011920842922	0.6753529803025194	1.4400388603636873	0.6608563850620742
88	1.1917256501504259	0.6771534161184519	1.4287686387712912	0.6642667653660921
89	1.1936172504035554	0.6736473040728505	1.4462599764271369	0.6703296718655233
90	1.1716248147534858	0.6783852929878289	1.5302461591260186	0.627889352614521
91	1.1929191978895233	0.6767743769374762	1.4274059258522793	0.666161423381778
92	1.1543045757981054	0.6836918410470472	1.4074849474380395	0.668435011862263
93	1.1821909197515688	0.6794276512551396	1.4642467448186496	0.6555513444385912
94	1.1811425222058687	0.6817966453342046	1.5530100149745154	0.6438044711422315
95	1.1585840788043913	0.6860608359281456	1.4714573773528283	0.6672982185706355
96	1.1771326940296658	0.684260399874992	1.494593465359837	0.6528988250641716
97	1.143930366499485	0.688050791108641	1.5688824150407799	0.6324365279041216
98	1.144620925614498	0.6855870367711859	1.463287618134048	0.6650246299772201
99	1.203945424650943	0.6731735053903332	1.4636311855402893	0.6483516472675169
100	1.179735051188256	0.6873874728638765	1.3655613612929904	0.681697611331759
101	1.1599398392428157	0.6885245900283795	1.570097618818554	0.6392572953331511
102	1.1545677027475956	0.6882403110380163	1.5108894241176893	0.6434255395255427
103	1.1785095738741072	0.6808490474495427	1.4188118922796247	0.6642667671503918
104	1.1664201749237546	0.6852079977144689	1.572700637901945	0.642667677534399
105	1.1974833497365798	0.6820809251266012	1.4802613918326848	0.6593406595213479
106	1.1565669313444522	0.692409741452641	1.6891276059886098	0.6263736264413846
107	1.1698468764178687	0.6830285225650614	1.5127375805725787	0.6676771487192297
108	1.1872044108235462	0.6859660760651242	1.5090040617614318	0.6521409610854536
109	1.1440640802486444	0.692883540214232	1.52854920829413	0.6665403559470818
110	1.185352627218679	0.6839761206417595	1.4222174224730648	0.671466463689056
111	1.166648691552042	0.6854922773035332	1.5797721297960472	0.6316786667486627
112	1.1695323794823196	0.6840708801037642	1.5266811682356718	0.6604774521805654
113	1.1669199760633657	0.6905145457736872	1.625054740508247	0.6263736246570849
114	1.1691501465079164	0.685966075827903	1.5035078630342589	0.6525198934474828
115	1.1895842520555568	0.6786695725825412	1.4674044992490987	0.6555513467423706
116	1.1815872947198005	0.6884298304873011	1.5649097171323052	0.6415308841298412
117	1.1750985445551971	0.6900407465771907	1.4456889908076145	0.6718453945829905
118	1.1811090833732079	0.6846394391689302	1.4452912021017563	0.6612353173111731
119	1.1729175085412782	0.6827442434560876	1.4783281849026002	0.6600985212866308
120	1.1917475050776465	0.6887141097600704	1.756311427376947	0.6146267525126149
121	1.1735074394722746	0.6875769923131613	1.4957012649104648	0.6544145513502383
122	1.1648642084310035	0.6876717521761827	1.5600066397758359	0.6381204981567192
123	1.2016106734487735	0.6875769923131613	1.4261567799509272	0.6775293675685028
124	1.208831689871285	0.6784800530937196	1.5673371597238002	0.6392572948136714
125	1.1657012929105763	0.6952525346095919	1.5327848071806265	0.6438044720908466
126	1.2157809225448577	0.675163460412681	1.553299683339219	0.6472148530272743
127	1.19411856292447	0.6840708803466334	1.5305472929941157	0.6343311843387824
128	1.2281385068700041	0.6832180421329568	1.6613629924478563	0.6153846166042632
129	1.1997216127274173	0.6827442434504395	1.5035607482321833	0.6570670704084529
130	1.1984491414688532	0.6836918413294533	1.4508080096712797	0.6691928756377064
131	1.2029406494137733	0.6822704444120905	1.4842079855719044	0.6589617268431137
132	1.2292019898412714	0.6752582205581087	1.4611039955356708	0.652898824544692
133	1.198191636966256	0.6790486120402751	1.6246295033101106	0.6366047742873622
134	1.1802997414923206	0.6853975171581056	1.654400847634839	0.6233421739821815
135	1.2214140521737848	0.6798066900294505	1.4124263124783953	0.6699507384645347
136	1.184632148447166	0.6868189141206534	1.5420557779541246	0.6642667672633221
137	1.2189847613515126	0.6812280867491289	1.8126063994179624	0.6153846153394432
138	1.2074530713424676	0.6838813608521637	1.8277370175343204	0.5744600233231227
139	1.1955443932288723	0.6830285227232089	1.5832236514664275	0.6350890493790459
140	1.2089326826416575	0.6811333270781438	1.458781556859076	0.668435012178468
141	1.26472879761397	0.670709750770472	1.4096677981799821	0.6835922699798549
142	1.2136594917066377	0.680754287942353	1.523357762853139	0.6362258417220583
143	1.186145266729272	0.688240310795147	1.5129773262641157	0.6407730213030128
144	1.2430265282360082	0.6825547237187486	1.7368419100362815	0.6002273597514914
145	1.1914833249452046	0.6878612716650043	1.4385572664210995	0.6760136407629564
146	1.2210597616456125	0.6838813605358688	1.5436850229688286	0.6456991296773971
147	1.2132686904897105	0.685776556457692	1.477755013809551	0.6551724154418868
148	1.2243143899016253	0.6760162985133953	1.5237119802248753	0.6593406602441022
149	1.2315672401973876	0.6770586562949674	1.6171662418984156	0.6290261457028737
150	1.2453800554039647	0.6799014499263606	1.4040523477466145	0.677150435319404
151	1.1949107117487063	0.6866293945527581	1.520928314031187	0.6616142466240825
152	1.2967831771723706	0.6702359517660117	1.5354242251198507	0.6415308811936518
153	1.2636399681078114	0.6765848573752289	1.4699413041446914	0.6604774528129754
154	1.2342273418873755	0.6798066899503767	1.4361245970962715	0.6805608177239265
155	1.2153482202058898	0.6854922771058489	1.5120943047052624	0.6453201959602035
156	1.237300906329994	0.6763005780233858	1.5006409037424877	0.6483516487356116
157	1.190790045033199	0.6899459871547229	1.6492495316364133	0.6290261478033785
158	1.2590127910560516	0.6770586565321886	1.463893122906123	0.6654035620230443
159	1.2529344082014218	0.673931583582841	1.4947105516489367	0.6593406600408276
160	1.2476509209889253	0.6811333269651813	1.4974891550390048	0.6612353171078984
161	1.2146012193160545	0.6832180421724937	1.4233162995313504	0.677908298981917
162	1.2474319140944765	0.6809438075554334	1.512676092249374	0.6494884436082641
163	1.2571285139449138	0.6813228466121504	1.524533191563822	0.649488441711034
164	1.2409712550064675	0.6798066901875979	1.772604120550123	0.5930276625804171
165	1.2460741100407975	0.6820809249232688	1.4754041823169959	0.6585827965815892
166	1.252911071918321	0.6790486116336102	1.6370001997898906	0.6097006457192558
167	1.2399685858414997	0.6821756847919384	1.5347420086956423	0.6559302755358003
168	1.252070672498725	0.6733630246814705	1.5567759251946887	0.6566881386788337
169	1.2693106847544546	0.6761110583764167	1.4436600060117837	0.6718453954186752
170	1.2698871069786775	0.6788590921843254	1.5218020026635926	0.6551724148094767
171	1.2664430309988972	0.6710887897424672	1.5452094713184317	0.6396362255946756
172	1.2891112480933526	0.6684355159952642	1.5320419733521613	0.6464569919847457
173	1.2621391013957963	0.6768691366479983	1.5084607504949104	0.6665403557438072
174	1.2641055810556563	0.6703307117137549	1.6104704978204938	0.6460780600518519
175	1.2447106384117208	0.6817966454132783	1.5846297830377125	0.6475937852763732
176	1.289279449429996	0.6690040745351548	1.5409193740012113	0.6722243275774298
177	1.2969932744121886	0.6665403205139947	1.5430659919852965	0.6403940882182293
178	1.2740148424164646	0.675826779222258	1.6000128996196052	0.6271314883195979
179	1.2790627244704258	0.675542499876063	1.5548664436687254	0.6415308844460462
180	1.275328560439397	0.675637259490567	1.592475165558295	0.6275104227821319
181	1.247650481124382	0.6792381312015056	1.4999428716921905	0.6570670688274278
182	1.272977647381033	0.6696673931075104	1.4948205800614784	0.6570670715603425
183	1.3053681967010613	0.6684355157523949	1.5298281679915948	0.6593406585727328
184	1.2722598064073418	0.6772481757442522	1.5964358769026883	0.6222053812100337
185	1.266712038096552	0.6761110583312318	1.663773405186016	0.6115953021539166
186	1.305245536091903	0.669383113874278	1.5657694500565031	0.6464569913523357
187	1.3073043538689737	0.6675826780131606	1.5290654082332609	0.6445623346014698
188	1.2893846310293189	0.6743106226790949	1.595468364912888	0.6282682836213858
189	1.3000029274313232	0.6783852931459764	1.5786627751943423	0.6453201979477778
190	1.2797597555100697	0.6771534162370625	1.7926727728032397	0.589238345826291
191	1.3249665515000115	0.6666350801793318	1.4904619247093938	0.659719590302352
192	1.3511872140647088	0.6588647777318254	1.6957299245853865	0.6256157636145563
193	1.3266353885856137	0.6684355161138748	1.5115189621872231	0.6631299733392846
194	1.3417997723290855	0.6594333364411596	1.5651198261025367	0.6282682833051808
195	1.3430804494861222	0.6646451246317084	1.594453935100979	0.6312997351319738
196	1.3503130324291504	0.6608547331100051	1.7096636248791295	0.597953772106691
197	1.3420892353929028	0.6607599736536486	1.4696030627601568	0.6688139453761819
198	1.32632296875869	0.6633184874192195	1.536338864334066	0.6513830982586253
199	1.341287382607165	0.6707097507648239	1.54634329490293	0.6339522545967377
200	1.3245131564933317	0.6692883539660716	1.458253571191219	0.6794240249517787
201	1.3249608857884945	0.6659717618554934	1.6923619551656823	0.6286472154413493
202	1.3483592260169677	0.661707571334978	1.5770307169036462	0.6150056849875745
203	1.3169141595740685	0.6683407564541858	1.4446061798549592	0.6733611218176723
204	1.4020664046231597	0.6541267885344407	1.6312348626246278	0.6172792733551291
205	1.3522655509336745	0.6616128116301041	1.6435349067985763	0.6214475180670004
206	1.3877628788635832	0.6575381408808164	1.5783486351816887	0.6559302758520054
207	1.3727021312799474	0.6574433809387212	1.584904403567269	0.6453201956439985
208	1.3910406151959245	0.657727660731118	1.6511333994722674	0.5960591130520458
209	1.3503343222164537	0.6616128117487147	1.738461686291899	0.5949223184955983
210	1.3760813463020019	0.6596228562858131	1.5599559506668923	0.6350890502147306
211	1.3376678018832924	0.663981806392592	1.504912076596285	0.6619931790990421
212	1.3729760617845197	0.6583909786991244	1.9114501122138228	0.5881015533703482
213	1.3607775230808958	0.6562115038660119	1.6437512670967245	0.63546797952764
214	1.3896560436920409	0.6612337723305177	1.7039652215842724	0.5915119372429655
215	1.3345492269081674	0.6630342083949676	1.7944781296900973	0.6187949996411959
216	1.3545986896870228	0.6598123758537084	1.5048391105732082	0.6513831008786096
217	1.363953820181313	0.6572538615685102	1.5569755831375498	0.6415308839265665
218	1.3493798608679597	0.663981806025464	1.626812276536653	0.6157635477014725
219	1.369573542159688	0.6532739506031703	1.7210145311944636	0.6271314897876926
220	1.3939443534667442	0.6562115035779575	1.4968763840564412	0.6415308830908818
221	1.3566734073716273	0.6599071355585825	1.5446925136617478	0.6475937861120579
222	1.3970892484703414	0.6523263525603609	1.5667749797362818	0.6237211074961004
223	1.44093781571292	0.6472093245095917	1.5543268976359712	0.6551724132284517
224	1.4018150859564547	0.6584857385169609	1.5790574968019278	0.6335733243352132
225	1.3816134257530315	0.6641713256385443	1.6168246578203542	0.616142477646792
226	1.4484035574993364	0.6435136930147054	1.6314474062379358	0.6199317935652333
227	1.4047732588228858	0.6560219841004322	1.6380224836825783	0.6187949981731011
228	1.3875771783984894	0.6534634700863438	1.5402523244859234	0.6600985204509462
229	1.417078322509358	0.6529896712513272	1.7479489413388256	0.6392572944974665
230	1.4567017509825906	0.6388704632397886	1.7295228778164058	0.597195907179358
231	1.4375744983617427	0.6477778831680928	1.5684216034687934	0.6551724123927669
232	1.436617530940958	0.6486307210711227	1.4858558585400743	0.6578249337547609
233	1.483165140559998	0.6403866199862841	1.6021402268845188	0.6331943925152497
234	1.4251411066658066	0.6452193688433576	1.7006290438230312	0.6006062891773312
235	1.432353062210835	0.6488202409157762	1.6835988636674553	0.6070481248767414
236	1.4328505313759063	0.6478726426752824	1.4993387270082168	0.6703296698779488
237	1.4041450137743212	0.6522315927764132	1.561347453916737	0.6320575961745025
238	1.3859748453661513	0.657822420390807	1.517288779570958	0.6597195917704468
239	1.3927600340832809	0.6603809342806366	1.5633639991170487	0.6384994315577077
240	1.4487495712676817	0.6471145646861071	1.7256686820275589	0.6248578993196332
241	1.4094570901601065	0.6542215484821841	1.725596692987625	0.5884804839480777
242	1.418659380755808	0.6490097604045978	1.5577950260322082	0.6441834031880557
243	1.4248158220520497	0.6525158724897362	1.5473263378891362	0.6506252365836865
244	1.4225983181734463	0.6491992800120301	1.579182490294248	0.6206896570244718
245	1.4308977545714092	0.6460722072603668	1.582103595583671	0.6210685869697912
246	1.4271151038986534	0.6507154361541764	1.5668087755021114	0.6381205023577287
247	1.503228587222237	0.6386809435928195	1.607178125881977	0.6180371341943831
248	1.451740502848011	0.6444612905717761	1.671722007186271	0.61462675346123
249	1.431133372042853	0.6477778830099453	1.5335282224197648	0.6589617262107037
250	1.4639038552065817	0.6437032124244533	1.752065729489603	0.5843122397556861
251	1.4812621259919774	0.6372595470764734	1.6616217436868161	0.6286472144023899
252	1.5248692004610371	0.6358381504358686	1.699441396453788	0.6078059868678851
253	1.4614533383869102	0.6445560502371133	1.5776530664587798	0.6312997351319738
254	1.462972153953542	0.6426608548010286	1.631351462951796	0.6589617274755237
255	1.5392467881066871	0.6285416467894901	1.7148959923983071	0.5956801808029469
256	1.478252149019085	0.6409551785261747	1.4826621678165524	0.6589617277917287
257	1.520636863169891	0.6357433904090516	1.5976724904249364	0.6214475190156153
258	1.5328796144052783	0.6366909884518609	1.6004677491912611	0.613111026768614
259	1.5064885749824124	0.6316687197444858	1.6304895656494627	0.6305418731408302
260	1.532978975410248	0.6267412111373531	1.506383395592522	0.6619931787828371
261	1.5039362679225488	0.6348905522349118	1.7968863777790887	0.5706707088727759
262	1.5432288727805048	0.6287311663969223	1.625875880746238	0.6309208025666699
263	1.5200627268428182	0.6349853121770068	1.6604597572125734	0.5881015538898279
264	1.5764215001560191	0.6198237467114873	1.4885379825409908	0.6559302770038951
265	1.517351078284495	0.6295840044919884	1.5871080452404767	0.6358469111443289
266	1.5637167841520827	0.6193499477465638	1.6538096240362736	0.6362258429868785
267	1.5054296078664324	0.6290154457883023	1.6376776185709674	0.6180371341943831
268	1.5006722943495656	0.6271202504369395	1.701741096873137	0.5786282688706785
269	1.5347018634765779	0.629963043712501	1.5988236370751603	0.6415308844460462
270	1.5727118783388885	0.6250355348229623	1.9771636186471804	0.5763546812258782
271	1.501948794324082	0.6344167536766532	1.6556702701825905	0.6316786658000476
272	1.5442050226286193	0.6239931775666657	1.813873525007334	0.5869647602819954
273	1.53165766710039	0.6339429544406198	1.551634465261317	0.6472148536596843
274	1.5353531433057754	0.6338481946905609	1.6019917688572123	0.6282682844570705
275	1.5474902652941822	0.6281626078880964	1.652934974050287	0.6172792727227191
276	1.5730167282234264	0.6229508198189824	1.596340719250487	0.6407730200381928
277	1.5227696508815884	0.6292049653561976	1.6974335626563868	0.612732095761749
278	1.5974757975451157	0.6184971097305715	2.203251156946076	0.45130731379412126
279	1.591713066430021	0.6234246187782577	1.5277708859640615	0.6384994325063228
280	1.6127958065591625	0.6159385955639838	1.7237917586410076	0.5979537706385963
281	1.6052944442734023	0.6223822609571488	1.7105142192074456	0.5968169763983538
282	1.5573783171162225	0.624372216499124	1.9421277394480847	0.5646078062581492
283	1.5558079591489207	0.6230455795577451	1.880923769789331	0.550966275059034
284	1.601831396258884	0.6111058466221884	1.8549827761431452	0.572944297353261
285	1.5979650448501184	0.6193499479414242	2.376497590754149	0.4232663894612123
286	1.5720628990354804	0.6228560599954978	1.7755607779887013	0.5767336101322383
287	1.6456262293804498	0.6110110868382407	1.6355647837496834	0.6343311856036026
288	1.6025339387033173	0.6204870652725468	2.109557242725961	0.4903372492289715
289	1.591653364389008	0.6144224391450794	1.9931151687127706	0.6021220155537422
290	1.6027444978014707	0.6224770209783176	1.7735544503661167	0.6100795748288905
291	1.5997694572498253	0.6184023500652344	1.9895713828015662	0.5142099278449289
292	1.5983355215440076	0.6143276793159468	2.792857072171771	0.35392194049021386
293	1.6575015812906102	0.6118639250123805	1.7626939148738467	0.5892383487624804
294	1.6247330425836843	0.6126220033686839	1.7170470830571158	0.5899962096017344
295	1.649673241569478	0.6094001707539992	1.5937920889650252	0.6453201974282982
296	1.6604308060737603	0.5995451529014961	1.8131641416036528	0.5706707076079559
297	1.6836626692359553	0.6040936226100591	1.7733696168369757	0.5854490352607488
298	1.6698012870600425	0.6050412205737947	1.6230672932610724	0.6138688891663069
299	1.6749133089080552	0.6085473325742112	1.7459071274280729	0.6115953010020269
