epoch	loss	acc	val_loss	val_acc
0	4.573889315665305	0.01632882882882883	4.423074959992647	0.032282282310249925
1	4.351952777610527	0.04025900900900901	4.157867040720072	0.07432432448094313
2	3.9797801183866666	0.09496996996996997	3.695506748852429	0.15465465532587813
3	3.6083762738797756	0.15493618618618618	3.360903770000011	0.2218468474733221
4	3.219470969907514	0.22362987987987987	2.997295773423112	0.30142642687390875
5	2.9056465274936802	0.28434684684684686	2.714138774900465	0.36373874017068214
6	2.626166923626049	0.3362424924924925	2.4796711482085265	0.4204204214048815
7	2.376058654384212	0.3950825825825826	2.1966439295817426	0.47522522755213326
8	2.184424222768606	0.434496996996997	2.1586081759707705	0.4797297297297297
9	2.015140401708471	0.4733483483483483	1.9938778601609193	0.5259009014378797
10	1.8759014119615067	0.5028153153153153	1.8133509889379278	0.5690690708589984
11	1.7308113338711026	0.5397897897897898	1.7196168405515653	0.5915915939184997
12	1.6214099252546155	0.5652214714714715	1.6523317839648273	0.6039789800529365
13	1.563546885957231	0.5778903903903904	1.6126297225465287	0.6208708724818072
14	1.436129619767358	0.6077327327327328	1.520695076332436	0.6362612648411198
15	1.3933864226928345	0.6224662162162162	1.4936790287315667	0.635135135314128
16	1.31763970350718	0.6379504504504504	1.5570469826191395	0.619369370443327
17	1.2744520594765831	0.6430180180180181	1.4739275651651103	0.6336336343496053
18	1.2213799760148332	0.6585022522522522	1.398956886998884	0.6572822840722116
19	1.1542884068446115	0.6794294294294294	1.4016149051196582	0.6557807820337312
20	1.08179616892302	0.6941629129129129	1.3266515588617183	0.6749249261778754
21	1.0555162143420886	0.6992304804804805	1.2834809912933602	0.6839339342919198
22	1.0219348379083582	0.7103978978978979	1.2550355253276881	0.6959459471988965
23	0.9790939346806065	0.7200638138138138	1.2740066584882077	0.6944444433704868
24	0.9468955590918258	0.7305743243243243	1.2342274052960736	0.6970720742199872
25	0.9254308221218465	0.7372372372372372	1.3368699708142437	0.674549548475592
26	0.8983469592916357	0.7408971471471472	1.1732010096759051	0.7068318318318318
27	0.866384525914808	0.7549737237237237	1.180583596408546	0.7147147150727006
28	0.8148453915799344	0.7622935435435435	1.1538698766324613	0.7237237269455964
29	0.8093449170882996	0.7637012012012012	1.1858676629023508	0.7184684707953766
30	0.7825488714842467	0.7743055555555556	1.224702175136085	0.6985735753635028
31	0.7676381774850793	0.7781531531531531	1.1209221680959065	0.7323573575363503
32	0.7460840521632014	0.7828453453453453	1.1616175163973559	0.7173423441322716
33	0.7250953024035102	0.7876313813813813	1.1755000326010558	0.7162162187221172
34	0.7382983892887562	0.784816066066066	1.1611682613332708	0.7180930954200011
35	0.6987648493534809	0.7945758258258259	1.1115381601336483	0.7304804810174592
36	0.6973562917193851	0.7979542042042042	1.0959098081330996	0.7323573578943361
37	0.6824148567589196	0.8020833333333334	1.0662661382743903	0.7432432446751867
38	0.6082922324046001	0.8208521021021021	1.1057721208165716	0.7349849855219638
39	0.6631524983469073	0.8055555555555556	1.1767621375061013	0.7150900922380052
40	0.6268683032946544	0.8155968468468469	1.0774804829835176	0.7477477488217054
41	0.6180864518827146	0.8156906906906907	1.0782489671005502	0.7421171171171171
42	0.5897491518799607	0.8265765765765766	1.0939894449245464	0.7451201226260211
43	0.6157951448056791	0.8171921921921922	1.1290319370435882	0.7327327341646761
44	0.6203979665452654	0.8175675675675675	1.1169716313078597	0.7349849846269991
45	0.5704728417747371	0.8269519519519519	1.0632215849272124	0.7458708719448285
46	0.5475976653285213	0.8327702702702703	1.0933194611523602	0.7398648662968083
47	0.5719073002223853	0.8334271771771772	1.0620701560029038	0.7522522533262098
48	0.5912703637246255	0.8273273273273273	1.080114464323084	0.744369370443327
49	0.5301780768700907	0.8432807807807807	1.1211867960723672	0.7409909933178991
50	0.5544890906359699	0.8381193693693694	1.0781266216759209	0.7545045050414833
51	0.5766541814660883	0.831174924924925	1.059096487076791	0.7469969989659192
52	0.5265718043387473	0.8440315315315315	1.1208977298335627	0.7466216201896783
53	0.5167890933898834	0.8452515015015015	1.1368686349184305	0.7488738778117183
54	0.5152659757180257	0.8480668168168168	1.0184851184979573	0.7646396410715831
55	0.4991302366729255	0.8518205705705706	1.1009498337009647	0.7552552566871987
56	0.4757048527041713	0.8581081081081081	1.0901451622759615	0.750750752719673
57	0.46583400384799856	0.8609234234234234	1.0269681233185548	0.7597597579698305
58	0.48083261872555044	0.8582957957957958	1.1089826453555454	0.7477477491796911
59	0.5134213826319834	0.8502252252252253	1.0890944476600166	0.7530030035399817
60	0.46430035271086134	0.8626126126126126	1.095670725132252	0.7657657648708012
61	0.49321964016189807	0.8537912912912913	1.1033013665282332	0.7548798804168586
62	0.47427047838319886	0.8581081081081081	1.0715266575326432	0.7548798789849153
63	0.48162630728415184	0.8581081081081081	1.0748435180108469	0.7605105124794327
64	0.4788919758868289	0.8572635135135135	1.082341511328299	0.7586336364975205
65	0.44251380346200847	0.8712462462462462	1.117336072363295	0.7560060070799636
66	0.46223111320902277	0.8643018018018018	1.1333285588043946	0.7526276301335286
67	0.4305414893963673	0.8713400900900901	1.0727077210629667	0.7680180208819049
68	0.4478497754883122	0.8640202702702703	1.0652358825500305	0.7567567572937356
69	0.4295756568063845	0.8740615615615616	1.0718525621268127	0.7608858849909212
70	0.4598663949572646	0.8660848348348348	1.1165822740789648	0.7537537533957679
71	0.4507243673543672	0.8657094594594594	1.1317512280232198	0.7586336347075912
72	0.43368792802363904	0.870777027027027	1.2288688013145515	0.7466216226955792
73	0.44850910524348236	0.8673048048048048	1.3508285702885807	0.7090840844420699
74	0.4390996111047876	0.8695570570570571	1.0925138483534347	0.758633635065577
75	0.42924359807739026	0.8719031531531531	1.0898784714060146	0.7627627634787345
76	0.43603117186743934	0.8713400900900901	1.0625363437979072	0.7586336375714781
77	0.40387711277953137	0.8787537537537538	1.0816934090834838	0.7672672712051116
78	0.3731895337949644	0.8882319819819819	1.142050916189188	0.7653903923593126
79	0.4179450494570059	0.8760322822822822	1.1067490753110822	0.7605105121214468
80	0.4149917751640171	0.8764076576576577	1.1094121032648974	0.767267267804246
81	0.4087065324947999	0.8811936936936937	1.084187732444511	0.7725225255654022
82	0.3898413583144053	0.8856981981981982	1.041995760198828	0.777027029532928
83	0.4027737339695653	0.8832582582582582	1.1919197762334668	0.7454954951375097
84	0.4095189610759059	0.8770645645645646	1.102769609149154	0.7563813792334663
85	0.3925994758133416	0.8843843843843844	1.113529248638554	0.7590090133048393
86	0.4110375241832332	0.8798798798798799	1.0720830522142015	0.7687687700217193
87	0.4141731348123636	0.8799737237237237	1.0543594150929838	0.7710210213790069
88	0.36505362355673276	0.888795045045045	1.1064779645687826	0.7597597619076749
89	0.3838903521811282	0.8897334834834835	1.085106313586593	0.7721471473261401
90	0.36179504013276315	0.8931118618618619	1.1039874286980957	0.7668918929658495
91	0.39491361522817753	0.8855105105105106	1.122133274336119	0.7605105135533903
92	0.39006153554529754	0.886448948948949	1.1312499062435046	0.7657657659447586
93	0.3529647644217666	0.894801051051051	1.1027267034705337	0.7623873898932884
94	0.3793353731925781	0.8885135135135135	1.1366461347173284	0.7582582584372511
95	0.3677400967201313	0.8915165165165165	1.1101473308540322	0.7706456458246386
96	0.40935838634187394	0.8802552552552553	1.1635402077669137	0.75900901151491
97	0.3624986429830213	0.8947072072072072	1.0345273306061913	0.772897902372721
98	0.37328510671048554	0.888795045045045	1.0715236746155106	0.7759009016168726
99	0.3804983734726548	0.8910472972972973	1.0897962579856049	0.7668918943977929
