epoch	loss	acc	val_loss	val_acc
0	2.564755457353768	0.1171586718066592	2.3600042033459427	0.154981550200399
1	2.4294528996372575	0.10977859786845662	2.252556745416564	0.15129151310757957
2	2.230101039928704	0.17619926221256327	2.0995440447902327	0.21771217731422163
3	2.117680708860559	0.23800738007380073	2.0127020550829897	0.29889298969969097
4	1.9610099458166594	0.29612546158452757	1.920394943209152	0.365313653906333
5	1.7886000022677038	0.3837638382982064	1.7122502718464474	0.3985239874392858
6	1.6528679290820751	0.4345018452383935	1.5983161499579455	0.4649446514259845
7	1.5274333632740147	0.4732472324723247	1.4359784456196747	0.5645756472960609
8	1.357989226320133	0.5396678971188534	1.287058616916192	0.5830258317979059
9	1.2729493159649556	0.5728782296620611	1.2399926475933116	0.5645756472960609
10	1.1872504509683024	0.6070110712104178	1.1232264288237175	0.6568265731044362
11	1.029111504994635	0.6697416978568609	1.004326024618536	0.7011070123897707
12	0.9624615190653784	0.6964944656044795	0.9592408095778574	0.7084870866303954
13	0.8556611309192277	0.7297047979277438	0.8559007978967195	0.7121771261700844
14	0.8035953629940639	0.750922509664979	1.1037956124302206	0.6457564588842357
15	0.8156271469109173	0.7269372698125804	0.9495101067412823	0.7306273106719295
16	0.6883063474704418	0.7776752774125976	0.7422684923749129	0.7822878268372089
17	0.5667611844425272	0.8201107015468978	0.6638698019224779	0.8118081218202176
18	0.5301955562236125	0.8487084888444175	0.6236856102503534	0.8081180851397919
19	0.5299880423229119	0.824723247012529	0.6996393282914953	0.7970479742187415
20	0.4731952141131862	0.8496309969697932	0.6259578426825604	0.8339483434423749
21	0.42493442723671887	0.8653136531365314	0.5765391313281886	0.8450184539235386
22	0.4024834332650878	0.8763837640575817	0.6633435215017452	0.7970479744386849
23	0.35147318035034236	0.8939114404340511	0.5627492883988412	0.8265682696416369
24	0.3372375542827198	0.9003690045698103	0.5177359997786279	0.8560885646246457
25	0.3462350653326379	0.8929889303291856	0.7155261796338972	0.7785977901567832
26	0.36917380235291936	0.8865313657535399	0.5659887593830644	0.8339483432224316
27	0.31865280976594595	0.8985239869993991	0.6195136821138023	0.8081180849198486
28	0.30575091658483133	0.9105166064857116	0.4767744934866789	0.8560885646246457
29	0.2766018857375282	0.9197416974169742	0.4648471185422032	0.8671586753257526
30	0.21653306770148753	0.932656827448039	0.42191889321232195	0.8856088598275976
31	0.16620260235128367	0.9557195580753454	0.4319567931094293	0.8856088598275976
32	0.17882058046400767	0.9428044280442804	0.4152255634540121	0.870848712446065
33	0.18753176135770508	0.951107011290054	0.4655062791606157	0.8634686384253836
34	0.1813386304792003	0.9492619943794729	0.47143333259543807	0.8671586753257526
35	0.17154923565273356	0.9437269381491461	0.42354700915048044	0.8782287860268596
36	0.17347868397227073	0.9446494473742383	0.38432221318083054	0.8856088598275976
37	0.13602456271758379	0.9677121771217713	0.40802337025804275	0.8856088596076543
38	0.1286980533951763	0.9621771226509911	0.40154790504392224	0.8597786015250146
39	0.15597597809295372	0.9566420668605509	0.35989748854258846	0.8856088596076543
40	0.1172131423415733	0.967712177561658	0.37622879253102404	0.9040590441094993
41	0.10389132858202466	0.9778597790376726	0.392898732335805	0.8819188227072853
42	0.09743126841928686	0.9760147605874882	0.3688057135391939	0.8856088598275976
43	0.09501632938085887	0.9732472324723247	0.37125929783191186	0.8819188229272287
44	0.0745351330765499	0.9861623616236163	0.37702921021908414	0.8856088598275976
45	0.058061114151539396	0.992619926199262	0.38966703425914156	0.8966789705287046
46	0.06869810245023883	0.981549815498155	0.3904620297940455	0.8819188229272287
47	0.06436202391927093	0.9861623616236163	0.4174106089171448	0.8708487122261216
48	0.06199665227389423	0.9880073800738007	0.38004051616271045	0.8782287858069163
49	0.08097710672119887	0.9760147605874882	0.41846182007631255	0.8892988965080233
50	0.07216203108264951	0.9806273062730627	0.3573943435375981	0.9003690072091303
51	0.05273708679139394	0.9916974169741697	0.3745518582993328	0.8745387491264907
52	0.037697686920306776	0.9972324723247232	0.39070403652877383	0.8892988967279667
53	0.05057970563643973	0.9870848708487084	0.3962997414749047	0.8782287860268596
54	0.058431297238242585	0.9880073800738007	0.40996140703503936	0.8929889336283356
55	0.06766832320232673	0.9861623625033896	0.4058633596254891	0.8892988967279667
56	0.05594853323461605	0.988929889298893	0.3833376032839842	0.9114391179102374
57	0.04458441706271189	0.996309963099631	0.37343155045570925	0.9151291548106063
58	0.032561326186375424	0.9944649455292198	0.39865999468138297	0.8856088598275976
59	0.026581478377329906	0.9963099635395177	0.36041449274304166	0.9077490810098683
60	0.04714745125042556	0.9870848708487084	0.38367195234967333	0.8782287858069163
61	0.03501026862304369	0.9953874538745388	0.3341402212412155	0.8819188229272287
62	0.05523804494100743	0.9870848712885951	0.5210895183121587	0.8487084908239076
63	0.05885304371754182	0.985239852398524	0.39680090557605135	0.9077490812298117
64	0.12481570903665465	0.9695571964517291	0.4074787743856986	0.8892988967279667
65	0.21988824306818833	0.9243542444222088	0.5472829955530343	0.837638380342744
66	0.11899834178470597	0.9649446494464945	0.3489615564196752	0.8892988967279667
67	0.061116968312496626	0.9870848708487084	0.489240423779646	0.8708487122261216
68	0.05357218760227255	0.9880073800738007	0.3544959951590788	0.9077490810098683
69	0.05069560943879325	0.9880073809535741	0.36595613726610626	0.9003690072091303
70	0.057704564073978754	0.9861623616236163	0.4084883937096684	0.8745387489065473
71	0.06645195889956837	0.9833948339483395	0.37078023627675327	0.9114391179102374
72	0.04510213544667867	0.9907749081889642	0.41471430692285627	0.8892988965080233
73	0.035451745153903085	0.9898523985239852	0.32394015811026317	0.9188191917109754
74	0.031407321401187856	0.996309963099631	0.4682479841682744	0.8671586753257526
75	0.07884001898204708	0.9686346863468634	0.46337131573045387	0.8819188227072853
76	0.08474579266516485	0.974169741697417	0.39426613656797094	0.8966789703087613
77	0.09674493146448558	0.9704797047970479	0.42164126720375683	0.8966789705287046
78	0.08130269024754802	0.9741697421373037	0.5570841730740678	0.8487084908239076
79	0.08823051358610942	0.9797047974878571	0.3814818263053894	0.8856088598275976
80	0.05316314585781845	0.9824723247232472	0.34424720391136254	0.9151291550305497
81	0.04684289851366814	0.9907749077490775	0.4166950147970136	0.8856088596076543
82	0.024422608288451754	0.9944649446494465	0.41402272159762926	0.9003690074290737
83	0.021022118621151827	0.996309963099631	0.4189588093229765	0.9151291548106063
84	0.018249709849895365	0.9990774907749077	0.36884846436581487	0.9003690074290737
85	0.0305668036711172	0.9916974174140564	0.3586745212658745	0.9077490810098683
86	0.04147686657403008	0.9870848708487084	0.4623979061731993	0.8745387491264907
87	0.05608247737383051	0.9815498159380417	0.49807268524081943	0.8892988967279667
88	0.10836551541881807	0.9612546125461254	0.3650332386313329	0.9040590441094993
89	0.04789801443689864	0.9870848708487084	0.4553835323815856	0.8819188227072853
90	0.07931991830825585	0.974169741697417	0.35994566542635986	0.9003690072091303
91	0.08541927489407387	0.9704797047970479	0.4543262304415122	0.8745387491264907
92	0.04909063902480796	0.988929889298893	0.43506377968401044	0.885608860047541
93	0.02504688049786865	0.9944649446494465	0.3620630590678141	0.8966789703087613
94	0.04415080492553126	0.9880073800738007	0.3809581250502175	0.892988933848279
95	0.048960628173558035	0.985239852398524	0.3244441752064272	0.9114391181301806
96	0.0211544409806658	0.9944649450893331	0.35234064380621116	0.9077490810098683
97	0.02032904346160783	0.996309963099631	0.47689639367300646	0.9077490810098683
98	0.014536785272833277	0.9990774907749077	0.4137609889146587	0.8929889334083924
99	0.016955862399121932	0.9972324723247232	0.6508339544503892	0.8708487122261216
